3 174 316 324 265 365 387 478 314
3 478 314 595 248 611 370 755 328
3 157 401 290 350 363 477 470 409
3 470 409 577 345 614 492 761 402
3 174 316 318 280 363 398 484 327
3 484 327 586 266 604 379 755 328
3 159 401 284 370 363 494 471 429
3 471 429 572 362 614 509 761 402
2 402 237 420 161 505 192
2 416 252 487 258 505 192
2 357 241 386 232 416 238
2 399 293 417 265 416 238
2 357 241 382 268 403 246
2 399 293 382 268 403 246
3 462 207 454 200 467 186 476 195
3 462 207 471 217 484 203 476 195
3 468 201 465 198 471 193 475 197
3 468 201 473 206 479 201 475 197
3 587 176 577 164 592 147 604 159
3 587 176 598 189 615 170 604 159
3 604 159 713 93 665 -29 758 -91
3 604 159 719 93 668 -28 761 -88
3 563 178 560 195 586 204 586 173
3 563 178 547 203 591 217 589 178
2 369 286 365 280 382 275
2 369 286 379 296 382 275
2 441 277 448 271 433 263
2 441 277 431 282 433 263
2 236 42 280 40 284 68
2 284 68 280 40 321 26
2 351 57 345 43 324 50
2 351 57 345 43 363 37
