2 311 248 356 63 462 91
2 311 248 525 185 462 91
2 336 217 384 105 441 105
2 653 277 631 115 518 145
2 653 277 464 210 518 145
2 534 158 594 153 621 226
2 309 376 360 200 451 236
2 309 376 479 324 451 236
2 349 335 385 247 436 247
2 573 375 461 331 479 269
2 573 375 567 238 479 269
2 500 280 534 268 554 334
2 424 453 385 361 453 345
2 424 453 499 387 453 345
2 430 423 434 367 449 361
3 440 335 490 257 447 194 506 121
3 440 335 498 246 469 194 506 121
2 445 52 491 76 506 121
2 445 52 521 69 506 121
2 506 121 549 91 590 91
2 506 121 533 69 589 91
