2 207 442 316 310 340 284
2 520 387 449 273 404 203
2 340 284 347 288 351 292
2 351 292 367 265 404 203
2 520 387 504 335 495 304
2 495 304 529 246 598 135
2 691 299 677 274 598 135
2 691 299 699 295 708 290
2 801 453 740 346 708 290
3 367 265 368 316 406 215 449 273
3 513 273 588 180 660 331 661 246
2 298 385 302 377 350 322
2 350 322 355 325 361 328
2 361 328 380 295 384 291
2 548 300 558 330 566 348
2 566 348 575 346 581 345
2 594 378 588 363 581 345
3 228 109 180 64 250 -15 302 35
3 228 109 275 156 351 79 302 35
2 216 159 223 143 229 126
2 259 168 259 150 260 130
2 286 127 293 143 305 164
2 306 113 322 128 338 142
2 319 97 334 100 359 105
2 326 78 344 79 358 80
2 190 143 201 126 213 111
3 430 118 405 94 449 76 452 105
3 452 105 457 88 480 95 476 107
3 468 125 483 135 495 106 476 107
3 444 123 440 138 468 137 468 125
3 430 118 417 126 438 136 444 123
3 469 96 450 72 489 54 496 85
3 496 85 490 54 544 48 536 76
3 536 76 552 48 585 81 564 97
3 535 106 538 131 576 116 564 97
3 501 109 498 130 538 130 535 106
3 484 120 486 121 497 119 501 109
2 237 255 231 233 260 225
2 237 255 231 233 202 239
2 664 134 673 115 651 104
2 664 134 673 115 696 124
2 690 157 697 148 711 153
2 690 157 697 148 686 139
